Torsional Stiffness [Nm^2]

Dia: 0.06 m
+-----------------+-----------+
| Fibre Or. [deg] | 40 Layers |
+-----------------+-----------+
|       0.0       |   188.05  |
|       5.0       |   349.89  |
|       10.0      |   815.88  |
|       15.0      |  1529.83  |
|       20.0      |  2405.62  |
|       25.0      |  3337.65  |
|       30.0      |  4213.50  |
|       35.0      |  4927.55  |
|       40.0      |  5393.64  |
|       45.0      |  5555.53  |
|       50.0      |  5393.64  |
|       55.0      |  4927.55  |
|       60.0      |  4213.50  |
|       65.0      |  3337.65  |
|       70.0      |  2405.62  |
|       75.0      |  1529.83  |
|       80.0      |   815.88  |
|       85.0      |   349.89  |
|       90.0      |   188.05  |
+-----------------+-----------+